1114
4516
7444
9578
10704
10716
9576
7378
4422
986
-2560
-5770
-8420
-10158
-10840
-10356
-8770
-6292
-3096
418
3850
6928
9232
10580
10798
9866
7902
5092
1730
-1794
-5138
-7964
-9932
-10844
-10576
-9194
-6850
-3764
-330
3184
6346
8860
10428
10878
10180
8360
5692
2416
-1114
-4502
-7440
-9612
-10728
-10722
-9548
-7376
-4458
-1028
2476
5776
8438
10178
10852
10358
8786
6288
3122
-386
-3868
-6914
-9216
-10566
-10778
-9866
-7916
-5106
-1766
1806
5166
7954
9928
10820
10578
9228
6870
3802
320
-3188
-6354
-8848
-10376
-10826
-10148
-8346
-5696
-2434
1070
4470
7412
9566
10712
10716
9558
7408
4452
1038
-2482
-5760
-8406
-10182
-10876
-10400
-8818
-6296
-3140
360
3814
6874
9240
10590
10810
9896
7924
5116
1748
-1816
-5154
-7960
-9912
-10814
-10592
-9210
-6876
-3788
-306
3184
6330
8812
10354
10830
10114
8368
5708
2432
-1086
-4518
-7444
-9584
-10722
-10670
-9538
-7368
-4414
-1006
2522
5772
8404
10170
10836
10390
8814
6286
3096
-452
-3902
-6930
-9236
-10564
-10822
-9908
-7936
-5134
-1746
1798
5174
7980
9910
10826
10560
9200
6878
3804
340
-3174
-6340
-8824
-10418
-10880
-10160
-8384
-5686
-2422
1110
4512
7420
9564
10702
10720
9580
7384
4432
998
-2524
-5766
-8428
-10172
-10862
-10398
-8824
-6306
-3106
406
3858
6924
9240
10586
10796
9836
7864
5054
1734
-1774
-5142
-7938
-9878
-10784
-10548
-9230
-6884
-3814
-322
3196
6352
8834
10396
10862
10184
8412
5736
2452
-1100
-4512
-7458
-9602
-10700
-10698
-9560
-7410
-4472
-1026
2522
5812
8464
10196
10866
10370
8790
6292
3098
-388
-3868
-6936
-9248
-10606
-10820
-9914
-7934
-5112
-1730
1826
5166
7982
9932
10814
10566
9208
6854
3806
334
-3166
-6336
-8856
-10390
-10846
-10144
-8358
-5710
-2424
1112
4524
7474
9612
10730
10682
9516
7362
4420
1022
-2498
-5766
-8430
-10198
-10854
-10368
-8796
-6286
-3126
382
3870
6914
9250
10584
10784
9870
7900
5090
1746
-1814
-5162
-7978
-9928
-10816
-10588
-9204
-6862
-3784
-298
3180
6354
8834
10380
10836
10146
8388
5726
2446
-1098
-4526
-7438
-9576
-10706
-10668
-9530
-7378
-4422
-1018
2516
5766
8398
10144
10810
10354
8796
6276
3118
-386
-3834
-6882
-9214
-10592
-10836
-9900
-7910
-5098
-1712
1800
5144
7948
9922
10858
10566
9188
6822
3740
286
-3206
-6358
-8842
-10404
-10850
-10160
-8382
-5680
-2374
1168
4538
7432
9548
10678
10684
9564
7380
4454
1008
-2512
-5760
-8390
-10142
-10838
-10384
-8814
-6322
-3138
380
3858
6924
9258
10606
10820
9862
7900
5096
1736
-1782
-5150
-7938
-9898
-10810
-10562
-9198
-6848
-3768
-298
3212
6376
8868
10410
10852
10172
8374
5720
2434
-1108
-4524
-7470
-9606
-10730
-10724
-9588
-7420
-4480
-1046
2494
5784
8432
10184
10848
10360
8792
6284
3104
-390
-3874
-6932
-9244
-10578
-10780
-9858
-7900
-5066
-1728
1822
5144
7930
9878
10772
10576
9226
6902
3832
304
-3218
-6366
-8860
-10390
-10830
-10132
-8360
-5712
-2450
1080
4512
7478
9628
10760
10722
9540
7392
4434
1018
-2474
-5742
-8368
-10128
-10840
-10372
-8838
-6320
-3146
384
3852
6900
9218
10558
10798
9890
7898
5086
1724
-1822
-5130
-7930
-9874
-10800
-10588
-9210
-6850
-3750
-276
3204
6384
8866
10402
10860
10124
8344
5686
2412
-1076
-4482
-7408
-9584
-10728
-10720
-9582
-7390
-4416
-1014
2514
5764
8404
10162
10826
10366
8798
6284
3126
-392
-3846
-6922
-9244
-10596
-10846
-9902
-7910
-5102
-1734
1796
5144
7940
9874
10790
10536
9170
6854
3784
318
-3212
-6392
-8850
-10386
-10828
-10144
-8396
-5738
-2458
1086
4512
7442
9606
10732
10740
9590
7404
4454
1022
-2516
-5766
-8412
-10168
-10842
-10392
-8788
-6292
-3110
408
3850
6928
9228
10570
10784
9856
7904
5100
1756
-1788
-5136
-7940
-9898
-10804
-10564
-9208
-6854
-3762
-300
3224
6348
8840
10394
10828
10128
8352
5690
2428
-1102
-4516
-7454
-9582
-10688
-10694
-9544
-7390
-4448
-1016
2518
5802
8430
10158
10872
10386
8838
6334
3124
-376
-3852
-6912
-9220
-10584
-10800
-9860
-7888
-5078
-1752
1790
5136
7912
9900
10792
10552
9210
6866
3824
324
-3178
-6334
-8860
-10400
-10860
-10166
-8354
-5708
-2446
1086
4480
7442
9594
10728
10688
9538
7406
4452
1052
-2466
-5752
-8400
-10152
-10820
-10322
-8762
-6244
-3098
410
3884
6922
9244
10570
10768
9866
7908
5118
1794
-1764
-5102
-7946
-9914
-10814
-10558
-9152
-6816
-3774
-320
3144
6314
8796
10358
10822
10104
8330
5644
2388
-1118
-4510
-7406
-9560
-10738
-10736
-9580
-7390
-4404
-1000
2514
5766
8384
10146
10806
10342
8792
6258
3102
-428
-3876
-6906
-9228
-10546
-10784
-9868
-7908
-5110
-1748
1782
5140
7954
9904
10838
10578
9202
6876
3786
328
-3178
-6366
-8848
-10412
-10840
-10132
-8378
-5708
-2458
1078
4500
7454
9604
10720
10708
9574
7392
4466
1044
-2490
-5764
-8420
-10176
-10856
-10384
-8786
-6288
-3128
382
3846
6928
9256
10598
10822
9886
7920
5112
1754
-1780
-5162
-7936
-9910
-10818
-10578
-9234
-6880
-3834
-360
3164
6324
8842
10404
10820
10142
8344
5690
2414
-1108
-4494
-7436
-9602
-10726
-10728
-9566
-7402
-4454
-1000
2510
5794
8436
10166
10822
10338
8794
6320
3168
-350
-3830
-6916
-9230
-10580
-10794
-9890
-7928
-5102
-1730
1826
5158
7930
9896
10786
10562
9208
6830
3758
306
-3182
-6330
-8838
-10404
-10880
-10178
-8384
-5726
-2416
1100
4500
7456
9584
10744
10722
9564
7412
4470
1054
-2478
-5762
-8446
-10212
-10876
-10368
-8808
-6288
-3130
364
3856
6900
9234
10574
10788
9874
7908
5114
1738
-1816
-5152
-7960
-9914
-10792
-10544
-9174
-6836
-3786
-326
3172
6340
8830
10398
10858
10154
8388
5712
2424
-1106
-4546
-7474
-9616
-10728
-10704
-9568
-7402
-4442
-1028
2518
5776
8426
10190
10856
10394
8824
6300
3112
-404
-3848
-6928
-9266
-10608
-10852
-9902
-7916
-5090
-1710
1836
5168
7952
9872
10786
10548
9190
6880
3780
338
-3170
-6334
-8810
-10386
-10854
-10184
-8426
-5736
-2434
1120
4542
7442
9582
10702
10688
9550
7372
4420
994
-2512
-5742
-8396
-10152
-10854
-10406
-8816
-6318
-3120
408
3872
6952
9250
10596
10832
9902
7936
5114
1724
-1816
-5180
-7952
-9886
-10802
-10574
-9248
-6912
-3826
-336
3228
6404
8900
10432
10840
10128
8334
5670
2430
-1090
-4500
-7470
-9628
-10720
-10702
-9556
-7394
-4462
-1044
2468
5730
8372
10108
10808
10338
8778
6278
3092
-378
-3826
-6882
-9226
-10620
-10834
-9894
-7900
-5062
-1734
1784
5128
7940
9892
10784
10538
9194
6862
3808
312
-3198
-6372
-8870
-10400
-10854
-10144
-8366
-5718
-2450
1080
4476
7450
9584
10710
10684
9524
7392
4428
1030
-2506
-5776
-8414
-10180
-10840
-10356
-8784
-6286
-3130
374
3858
6938
9270
10584
10790
9874
7906
5122
1784
-1770
-5130
-7956
-9910
-10798
-10552
-9156
-6824
-3750
-292
3162
6302
8824
10402
10888
10166
8380
5694
2424
-1074
-4484
-7406
-9574
-10736
-10730
-9604
-7432
-4494
-1084
2476
5752
8418
10158
10822
10370
8804
6298
3136
-394
-3870
-6906
-9238
-10566
-10784
-9856
-7890
-5106
-1730
1806
5176
7986
9920
10826
10576
9194
6862
3784
320
-3176
-6348
-8820
-10398
-10842
-10170
-8416
-5738
-2484
1074
4492
7414
9576
10688
10688
9558
7394
4448
1044
-2504
-5754
-8426
-10178
-10866
-10416
-8816
-6308
-3122
430
3896
6948
9238
10572
10784
9856
7918
5118
1776
-1754
-5114
-7898
-9880
-10800
-10576
-9218
-6866
-3778
-292
3220
6362
8858
10388
10828
10146
8360
5698
2428
-1118
-4512
-7426
-9566
-10694
-10712
-9578
-7436
-4486
-1022
2502
5782
8432
10180
10896
10424
8876
6370
3188
-334
-3830
-6926
-9270
-10606
-10808
-9868
-7890
-5072
-1736
1802
5144
7954
9936
10852
10614
9238
6858
3772
302
-3190
-6338
-8820
-10362
-10834
-10142
-8366
-5718
-2436
1088
4490
7430
9574
10700
10686
9532
7372
4426
1024
-2488
-5768
-8424
-10198
-10884
-10420
-8860
-6344
-3160
354
3868
6940
9286
10606
10806
9884
7896
5100
1762
-1776
-5104
-7920
-9878
-10808
-10586
-9206
-6874
-3810
-340
3172
6360
8846
10402
10834
10128
8384
5728
2446
-1068
-4506
-7438
-9572
-10708
-10714
-9598
-7426
-4462
-1030
2512
5768
8396
10166
10844
10398
8820
6302
3136
-392
-3836
-6884
-9220
-10536
-10788
-9880
-7904
-5112
-1772
1748
5136
7964
9930
10840
10586
9220
6880
3800
318
-3202
-6356
-8826
-10368
-10824
-10142
-8426
-5750
-2468
1104
4552
7458
9606
10714
10712
9546
7372
4440
1040
-2504
-5756
-8420
-10186
-10868
-10420
-8840
-6324
-3110
400
3868
6930
9234
10604
10828
9866
7900
5076
1718
-1784
-5168
-7966
-9922
-10850
-10584
-9244
-6862
-3790
-334
3204
6340
8826
10386
10822
10134
8358
5710
2460
-1102
-4520
-7486
-9634
-10728
-10710
-9534
-7374
-4432
-1020
2488
5766
8448
10174
10868
10388
8808
6308
3138
-358
-3838
-6922
-9244
-10618
-10804
-9868
-7892
-5076
-1744
1808
5150
7948
9910
10808
10580
9226
6870
3806
304
-3196
-6330
-8844
-10394
-10870
-10166
-8380
-5722
-2456
1076
4474
7432
9564
10706
10688
9552
7416
4472
1064
-2458
-5756
-8402
-10154
-10842
-10360
-8814
-6288
-3128
384
3864
6910
9240
10578
10802
9890
7904
5088
1732
-1820
-5154
-7964
-9918
-10808
-10570
-9198
-6876
-3800
-308
3184
6354
8860
10412
10862
10156
8362
5694
2410
-1102
-4486
-7416
-9572
-10708
-10698
-9570
-7398
-4452
-1056
2490
5738
8370
10160
10844
10394
8810
6286
3116
-390
-3824
-6884
-9230
-10562
-10806
-9894
-7896
-5098
-1754
1776
5116
7962
9916
10842
10586
9200
6870
3812
360
-3146
-6356
-8864
-10434
-10886
-10168
-8404
-5708
-2446
1086
4502
7418
9584
10690
10684
9568
7404
4460
1046
-2476
-5708
-8370
-10142
-10846
-10390
-8810
-6296
-3112
378
3824
6878
9212
10590
10844
9868
7876
5048
1726
-1768
-5116
-7920
-9914
-10840
-10580
-9220
-6876
-3802
-334
3206
6382
8874
10416
10846
10154
8360
5716
2450
-1078
-4470
-7404
-9574
-10708
-10730
-9574
-7404
-4466
-1036
2466
5732
8390
10168
10880
10404
8824
6318
3142
-358
-3844
-6914
-9250
-10592
-10788
-9856
-7888
-5084
-1760
1782
5128
7914
9892
10798
10576
9236
6860
3800
322
-3172
-6324
-8832
-10388
-10844
-10134
-8364
-5728
-2458
1054
4484
7448
9600
10716
10704
9554
7374
4422
1008
-2508
-5750
-8372
-10144
-10852
-10390
-8820
-6300
-3148
374
3838
6892
9248
10580
10790
9878
7900
5100
1774
-1792
-5134
-7962
-9892
-10790
-10572
-9192
-6864
-3786
-300
3196
6388
8874
10412
10862
10150
8404
5756
2460
-1082
-4524
-7450
-9586
-10700
-10670
-9556
-7406
-4462
-1038
2516
5780
8404
10180
10842
10378
8806
6286
3130
-402
-3864
-6928
-9266
-10580
-10820
-9894
-7888
-5084
-1698
1836
5174
7956
9888
10816
10536
9158
6828
3746
320
-3170
-6328
-8820
-10390
-10844
-10124
-8350
-5670
-2424
1080
4494
7464
9632
10754
10716
9532
7362
4434
1038
-2496
-5786
-8462
-10222
-10886
-10394
-8808
-6314
-3134
396
3872
6928
9248
10598
10822
9890
7908
5092
1742
-1776
-5126
-7950
-9924
-10818
-10536
-9160
-6796
-3756
-312
3180
6298
8808
10402
10844
10174
8384
5702
2438
-1114
-4522
-7478
-9614
-10718
-10712
-9564
-7414
-4458
-1018
2520
5804
8430
10186
10870
10392
8808
6286
3120
-354
-3818
-6888
-9206
-10570
-10784
-9874
-7912
-5088
-1760
1778
5138
7940
9922
10810
10570
9218
6864
3808
316
-3188
-6320
-8818
-10366
-10846
-10170
-8384
-5714
-2432
1100
4508
7444
9604
10748
10728
9562
7396
4416
1000
-2510
-5760
-8364
-10134
-10852
-10396
-8844
-6312
-3114
396
3866
6904
9206
10534
10752
9860
7886
5086
1730
-1802
-5140
-7942
-9920
-10840
-10596
-9208
-6842
-3752
-274
3200
6344
8830
10364
10824
10136
8368
5728
2444
-1084
-4502
-7450
-9600
-10758
-10722
-9598
-7416
-4464
-1066
2492
5750
8406
10170
10822
10366
8804
6278
3106
-430
-3904
-6940
-9230
-10538
-10748
-9832
-7888
-5098
-1728
1812
5158
7954
9904
10812
10568
9186
6848
3766
316
-3162
-6326
-8800
-10382
-10828
-10152
-8388
-5714
-2432
1120
4558
7478
9608
10720
10712
9576
7408
4488
1060
-2492
-5748
-8428
-10188
-10866
-10376
-8762
-6258
-3134
332
3782
6870
9232
10606
10830
9852
7872
5072
1748
-1776
-5148
-7952
-9920
-10830
-10584
-9238
-6918
-3840
-378
3174
6362
8888
10468
10904
10190
8386
5708
2442
-1098
-4488
-7444
-9566
-10686
-10710
-9558
-7396
-4456
-1028
2490
5770
8428
10184
10866
10392
8812
6298
3114
-392
-3844
-6904
-9230
-10596
-10806
-9898
-7938
-5100
-1760
1824
5188
7982
9926
10800
10540
9202
6874
3840
350
-3184
-6354
-8828
-10338
-10798
-10104
-8338
-5690
-2410
1124
4530
7488
9610
10730
10714
9556
7416
4454
1028
-2508
-5786
-8418
-10186
-10848
-10362
-8804
-6282
-3126
366
3844
6898
9232
10572
10800
9872
7886
5086
1756
-1788
-5128
-7954
-9906
-10814
-10546
-9160
-6826
-3770
-308
3188
6354
8838
10386
10858
10136
8372
5696
2418
-1090
-4522
-7432
-9564
-10696
-10682
-9542
-7384
-4442
-1042
2488
5774
8440
10216
10838
10358
8778
6264
3102
-412
-3856
-6914
-9230
-10550
-10784
-9864
-7896
-5098
-1736
1796
5132
7948
9900
10808
10542
9188
6866
3808
338
-3178
-6354
-8836
-10406
-10834
-10132
-8366
-5680
-2424
1112
4516
7414
9560
10674
10684
9564
7394
4452
1042
-2488
-5720
-8358
-10128
-10834
-10398
-8812
-6300
-3096
426
3860
6930
9242
10588
10822
9868
7884
5060
1714
-1784
-5122
-7900
-9882
-10810
-10556
-9182
-6818
-3746
-300
3204
6358
8840
10418
10860
10172
8364
5700
2440
-1098
-4502
-7434
-9584
-10716
-10728
-9566
-7422
-4476
-1028
2522
5784
8440
10188
10880
10404
8830
6330
3124
-378
-3866
-6926
-9222
-10566
-10776
-9856
-7914
-5096
-1746
1802
5174
7954
9918
10806
10568
9190
6818
3766
284
-3184
-6326
-8820
-10380
-10866
-10194
-8402
-5716
-2414
1126
4538
7448
9574
10696
10702
9556
7414
4454
1036
-2500
-5786
-8430
-10194
-10850
-10346
-8790
-6306
-3150
346
3856
6926
9272
10594
10802
9896
7908
5092
1724
-1844
-5214
-8022
-9976
-10846
-10600
-9200
-6838
-3754
-266
3202
6370
8852
10408
10848
10136
8364
5714
2434
-1090
-4510
-7444
-9592
-10732
-10710
-9554
-7376
-4424
-1024
2506
5758
8402
10158
10828
10344
8772
6246
3082
-402
-3864
-6896
-9248
-10580
-10828
-9910
-7928
-5114
-1722
1802
5164
7956
9904
10822
10576
9218
6894
3814
348
-3182
-6374
-8842
-10420
-10840
-10138
-8376
-5692
-2438
1092
4518
7448
9622
10740
10710
9574
7372
4450
1038
-2506
-5756
-8428
-10196
-10868
-10374
-8776
-6278
-3094
416
3866
6932
9262
10604
10828
9874
7900
5072
1720
-1808
-5188
-7954
-9890
-10800
-10536
-9184
-6844
-3780
-336
3200
6368
8866
10440
10860
10154
8358
5716
2448
-1094
-4502
-7446
-9586
-10710
-10708
-9542
-7380
-4452
-996
2508
5768
8416
10148
10840
10364
8804
6318
3132
-392
-3860
-6932
-9236
-10580
-10778
-9872
-7908
-5084
-1724
1856
5182
7958
9912
10782
10562
9234
6900
3818
316
-3202
-6362
-8856
-10390
-10864
-10160
-8350
-5700
-2402
1120
4510
7476
9596
10754
10730
9560
7416
4464
1046
-2482
-5764
-8418
-10164
-10828
-10358
-8788
-6270
-3104
426
3892
6934
9248
10576
10776
9862
7870
5072
1740
-1796
-5120
-7964
-9930
-10826
-10558
-9170
-6838
-3786
-328
3168
6350
8850
10396
10864
10164
8404
5750
2462
-1086
-4536
-7480
-9598
-10714
-10658
-9538
-7394
-4436
-1048
2474
5744
8394
10170
10854
10394
8798
6282
3098
-418
-3860
-6932
-9268
-10612
-10820
-9874
-7868
-5048
-1680
1810
5136
7946
9884
10796
10552
9186
6838
3760
298
-3206
-6374
-8864
-10424
-10844
-10136
-8364
-5692
-2422
1106
4530
7464
9628
10746
10738
9596
7418
4472
1044
-2504
-5776
-8456
-10228
-10874
-10386
-8768
-6264
-3076
444
3886
6950
9242
10574
10796
9874
7916
5118
1744
-1812
-5194
-7972
-9904
-10802
-10558
-9220
-6848
-3758
-272
3236
6368
8852
10396
10842
10142
8360
5674
2412
-1126
-4538
-7462
-9598
-10714
-10724
-9564
-7410
-4468
-1030
2512
5794
8422
10158
10840
10360
8776
6304
3116
-386
-3860
-6920
-9210
-10558
-10770
-9856
-7906
-5088
-1748
1826
5190
7986
9918
10782
10534
9196
6848
3804
318
-3198
-6344
-8866
-10404
-10868
-10174
-8392
-5706
-2426
1104
4532
7470
9590
10712
10682
9514
7368
4422
1012
-2500
-5780
-8422
-10184
-10852
-10366
-8818
-6282
-3112
404
3874
6914
9246
10572
10772
9856
7874
5082
1714
-1798
-5144
-7972
-9928
-10834
-10580
-9210
-6868
-3812
-332
3178
6378
8886
10432
10890
10160
8356
5692
2414
-1090
-4502
-7424
-9556
-10712
-10696
-9574
-7414
-4454
-1046
2502
5734
8380
10178
10826
10364
8798
6260
3108
-400
-3836
-6872
-9204
-10560
-10794
-9848
-7882
-5094
-1726
1776
5122
7942
9882
10826
10572
9200
6846
3760
288
-3214
-6372
-8844
-10404
-10826
-10112
-8340
-5676
-2438
1102
4520
7466
9632
10742
10714
9562
7368
4432
1004
-2542
-5794
-8444
-10166
-10832
-10354
-8784
-6284
-3116
404
3872
6958
9264
10600
10808
9850
7882
5064
1728
-1782
-5154
-7948
-9930
-10828
-10560
-9196
-6842
-3754
-300
3202
6362
8846
10422
10876
10184
8370
5694
2438
-1082
-4480
-7432
-9584
-10718
-10678
-9522
-7384
-4458
-1056
2456
5724
8402
10160
10864
10404
8844
6328
3130
-372
-3846
-6902
-9222
-10602
-10836
-9894
-7888
-5042
-1712
1804
5130
7930
9914
10818
10582
9210
6838
3780
320
-3174
-6338
-8840
-10384
-10842
-10136
-8392
-5744
-2452
1098
4524
7478
9614
10744
10718
9554
7390
4432
1006
-2526
-5808
-8434
-10180
-10848
-10364
-8784
-6272
-3100
380
3860
6898
9240
10594
10814
9904
7912
5106
1756
-1812
-5176
-7988
-9926
-10808
-10586
-9230
-6902
-3838
-328
3200
6376
8876
10394
10854
10158
8396
5726
2430
-1114
-4538
-7452
-9578
-10728
-10706
-9570
-7404
-4456
-1040
2494
5740
8362
10158
10854
10412
8850
6336
3148
-396
-3866
-6912
-9216
-10560
-10784
-9848
-7862
-5056
-1706
1806
5146
7942
9888
10818
10568
9212
6884
3812
354
-3154
-6324
-8824
-10410
-10854
-10160
-8404
-5704
-2440
1096
4534
7456
9606
10700
10694
9560
7420
4488
1066
-2494
-5778
-8428
-10168
-10844
-10360
-8756
-6248
-3074
428
3862
6904
9206
10552
10792
9842
7878
5056
1722
-1796
-5162
-7958
-9906
-10792
-10532
-9192
-6888
-3836
-352
3190
6354
8850
10394
10828
10134
8354
5704
2428
-1134
-4532
-7442
-9590
-10698
-10708
-9560
-7396
-4478
-1030
2488
5782
8454
10202
10872
10350
8782
6312
3114
-398
-3896
-6980
-9272
-10588
-10774
-9866
-7906
-5102
-1750
1806
5186
7960
9912
10778
10544
9188
6862
3820
344
-3170
-6342
-8860
-10410
-10858
-10170
-8370
-5700
-2442
1086
4498
7436
9576
10710
10708
9556
7386
4410
992
-2528
-5784
-8402
-10150
-10828
-10350
-8788
-6282
-3116
368
3856
6900
9234
10564
10762
9854
7880
5092
1730
-1806
-5158
-7954
-9872
-10766
-10534
-9186
-6876
-3812
-330
3140
6314
8788
10362
10840
10144
8372
5722
2436
-1088
-4506
-7444
-9568
-10736
-10718
-9568
-7398
-4444
-1042
2494
5756
8424
10210
10880
10390
8814
6284
3118
-374
-3828
-6884
-9236
-10604
-10864
-9922
-7952
-5138
-1758
1788
5140
7958
9904
10808
10560
9190
6862
3772
296
-3194
-6342
-8806
-10382
-10838
-10148
-8372
-5696
-2452
1072
4486
7436
9606
10722
10706
9576
7410
4470
1046
-2502
-5778
-8436
-10176
-10852
-10402
-8826
-6308
-3112
420
3872
6902
9202
10554
10800
9880
7914
5082
1728
-1794
-5134
-7928
-9898
-10824
-10558
-9180
-6834
-3768
-320
3190
6366
8862
10412
10836
10136
8354
5708
2452
-1114
-4536
-7468
-9600
-10682
-10714
-9560
-7382
-4428
-994
2500
5754
8404
10154
10854
10374
8800
6300
3132
-376
-3844
-6910
-9232
-10582
-10802
-9868
-7906
-5078
-1734
1814
5154
7948
9922
10804
10564
9190
6856
3818
352
-3170
-6350
-8876
-10412
-10862
-10146
-8372
-5736
-2454
1092
4510
7452
9572
10710
10710
9558
7400
4434
1014
-2502
-5750
-8372
-10138
-10820
-10338
-8788
-6268
-3114
386
3868
6902
9232
10568
10776
9868
7888
5064
1730
-1844
-5168
-7982
-9934
-10832
-10592
-9222
-6888
-3824
-326
3170
6364
8878
10446
10890
10160
8376
5700
2430
-1090
-4532
-7452
-9566
-10706
-10688
-9566
-7376
-4422
-1012
2534
5764
8400
10184
10846
10372
8798
6298
3138
-406
-3882
-6958
-9272
-10570
-10796
-9852
-7874
-5098
-1720
1818
5174
7950
9882
10786
10534
9172
6852
3790
318
-3206
-6380
-8850
-10424
-10862
-10148
-8386
-5672
-2418
1108
4526
7418
9572
10692
10688
9550
7394
4446
1016
-2524
-5774
-8414
-10164
-10854
-10394
-8818
-6334
-3132
400
3864
6922
9232
10562
10786
9872
7918
5092
1734
-1792
-5166
-7960
-9894
-10798
-10540
-9198
-6854
-3786
-328
3188
6330
8838
10408
10852
10164
8388
5726
2462
-1098
-4502
-7444
-9612
-10718
-10726
-9556
-7414
-4462
-1046
2492
5790
8426
10164
10836
10344
8794
6306
3128
-370
-3856
-6928
-9242
-10604
-10804
-9858
-7906
-5094
-1758
1774
5146
7928
9904
10796
10564
9216
6864
3804
302
-3202
-6358
-8864
-10410
-10840
-10136
-8330
-5678
-2416
1096
4474
7454
9606
10730
10706
9536
7396
4452
1042
-2482
-5760
-8410
-10174
-10854
-10386
-8822
-6280
-3122
398
3888
6914
9244
10584
10788
9862
7876
5074
1730
-1802
-5126
-7960
-9918
-10834
-10608
-9220
-6872
-3778
-290
3190
6352
8832
10366
10816
10136
8374
5736
2446
-1066
-4490
-7422
-9554
-10698
-10704
-9596
-7430
-4456
-1030
2528
5786
8432
10190
10844
10362
8786
6278
3138
-360
-3832
-6914
-9260
-10604
-10818
-9872
-7908
-5102
-1746
1780
5134
7934
9898
10830
10590
9208
6874
3792
328
-3178
-6354
-8844
-10416
-10882
-10168
-8396
-5688
-2394
1120
4508
7412
9558
10694
10714
9592
7406
4476
1038
-2528
-5790
-8446
-10188
-10848
-10384
-8804
-6318
-3124
394
3848
6916
9228
10568
10814
9882
7916
5096
1748
-1766
-5140
-7926
-9902
-10812
-10560
-9218
-6870
-3814
-348
3160
6324
8822
10374
10818
10144
8376
5732
2460
-1118
-4524
-7476
-9618
-10738
-10744
-9574
-7404
-4434
-1006
2490
5734
8384
10130
10832
10364
8792
6278
3086
-430
-3890
-6924
-9236
-10590
-10788
-9862
-7896
-5074
-1754
1766
5122
7924
9894
10762
10514
9148
6832
3798
334
-3162
-6320
-8830
-10382
-10844
-10168
-8386
-5742
-2432
1120
4552
7484
9600
10720
10714
9564
7406
4464
1052
-2474
-5756
-8398
-10178
-10838
-10364
-8816
-6282
-3116
414
3902
6940
9254
10580
10802
9890
7908
5098
1770
-1780
-5108
-7932
-9894
-10796
-10552
-9160
-6832
-3774
-302
3180
6354
8842
10396
10854
10132
8368
5690
2404
-1100
-4516
-7442
-9562
-10684
-10676
-9548
-7404
-4452
-1038
2498
5738
8384
10144
10828
10376
8826
6302
3138
-416
-3868
-6922
-9228
-10554
-10782
-9852
-7866
-5066
-1722
1800
5106
7898
9874
10816
10596
9236
6884
3778
294
-3206
-6380
-8862
-10416
-10870
-10164
-8394
-5722
-2460
1084
4526
7454
9602
10692
10672
9544
7386
4426
996
-2548
-5788
-8440
-10190
-10850
-10368
-8774
-6268
-3118
374
3848
6932
9260
10612
10826
9874
7906
5078
1718
-1792
-5134
-7924
-9900
-10840
-10586
-9246
-6874
-3784
-326
3190
6352
8870
10446
10866
10156
8340
5662
2426
-1098
-4482
-7432
-9602
-10738
-10732
-9586
-7404
-4464
-1036
2484
5770
8444
10182
10858
10378
8808
6318
3132
-398
-3874
-6934
-9238
-10592
-10800
-9906
-7922
-5084
-1726
1834
5182
7966
9924
10824
10584
9200
6854
3784
300
-3190
-6350
-8832
-10362
-10824
-10112
-8336
-5694
-2416
1110
4504
7444
9582
10710
10720
9570
7412
4440
1014
-2518
-5764
-8396
-10176
-10854
-10368
-8796
-6268
-3096
382
3880
6930
9276
10620
10806
9866
7884
5090
1762
-1796
-5144
-7962
-9914
-10802
-10566
-9176
-6856
-3786
-304
3184
6366
8858
10408
10870
10156
8386
5720
2430
-1086
-4516
-7440
-9570
-10710
-10680
-9540
-7350
-4398
-1014
2522
5756
8388
10148
10824
10376
8802
6290
3120
-412
-3894
-6932
-9270
-10582
-10796
-9872
-7890
-5106
-1728
1802
5144
7938
9852
10748
10522
9188
6892
3806
322
-3192
-6400
-8870
-10412
-10830
-10104
-8344
-5704
-2494
1028
4462
7418
9596
10730
10708
9566
7406
4478
1054
-2496
-5758
-8418
-10158
-10818
-10350
-8768
-6282
-3138
366
3826
6890
9222
10578
10812
9876
7906
5100
1750
-1774
-5150
-7936
-9900
-10806
-10550
-9198
-6846
-3784
-314
3202
6346
8804
10348
10798
10150
8412
5760
2500
-1074
-4506
-7446
-9592
-10714
-10718
-9560
-7406
-4476
-1038
2488
5770
8444
10196
10858
10378
8814
6316
3154
-330
-3822
-6900
-9210
-10574
-10792
-9890
-7942
-5098
-1754
1800
5144
7912
9868
10788
10576
9238
6884
3820
306
-3206
-6364
-8846
-10374
-10820
-10130
-8356
-5722
-2430
1078
4486
7446
9594
10732
10728
9570
7412
4452
1014
-2510
-5766
-8398
-10152
-10824
-10356
-8808
-6282
-3114
406
3874
6906
9236
10578
10784
9866
7884
5098
1760
-1798
-5142
-7988
-9974
-10844
-10596
-9198
-6884
-3812
-340
3160
6340
8816
10348
10804
10108
8354
5696
2408
-1090
-4508
-7432
-9562
-10702
-10692
-9548
-7380
-4426
-1032
2488
5724
8384
10160
10858
10416
8848
6330
3132
-406
-3852
-6904
-9238
-10586
-10828
-9886
-7902
-5094
-1726
1794
5134
7936
9880
10808
10572
9218
6884
3790
304
-3184
-6348
-8832
-10394
-10832
-10154
-8388
-5718
-2472
1042
4472
7414
9608
10744
10716
9584
7384
4472
1040
-2488
-5742
-8434
-10184
-10856
-10378
-8780
-6276
-3094
390
3844
6920
9254
10604
10822
9856
7880
5066
1732
-1780
-5124
-7952
-9934
-10836
-10590
-9236
-6886
-3806
-336
3204
6356
8834
10372
10810
10146
8380
5708
2442
-1096
-4500
-7432
-9586
-10718
-10726
-9572
-7388
-4454
-1024
2474
5764
8422
10166
10858
10366
8800
6298
3122
-374
-3864
-6914
-9204
-10560
-10772
-9862
-7906
-5098
-1746
1794
5172
7968
9926
10816
10568
9222
6882
3828
334
-3172
-6344
-8848
-10398
-10868
-10182
-8396
-5750
-2446
1066
4472
7428
9588
10724
10716
9556
7418
4470
1050
-2466
-5754
-8400
-10162
-10822
-10342
-8806
-6294
-3130
382
3866
6888
9224
10552
10768
9866
7920
5130
1768
-1782
-5152
-7968
-9936
-10830
-10608
-9226
-6892
-3822
-334
3160
6368
8850
10382
10836
10120
8364
5722
2440
-1102
-4544
-7466
-9574
-10688
-10666
-9554
-7410
-4474
-1072
2478
5752
8376
10130
10786
10330
8786
6314
3162
-348
-3828
-6894
-9234
-10586
-10810
-9870
-7886
-5098
-1726
1790
5132
7962
9908
10814
10548
9174
6860
3790
372
-3112
-6290
-8794
-10396
-10868
-10182
-8394
-5702
-2432
1124
4534
7458
9612
10734
10720
9592
7436
4516
1096
-2460
-5736
-8420
-10168
-10842
-10370
-8780
-6298
-3140
386
3872
6940
9228
10560
10778
9850
7918
5114
1740
-1792
-5154
-7924
-9890
-10804
-10550
-9216
-6868
-3812
-342
3200
6366
8876
10438
10884
10172
8374
5718
2454
-1092
-4514
-7462
-9614
-10738
-10740
-9582
-7396
-4448
-1010
2522
5792
8430
10150
10836
10364
8792
6304
3144
-340
-3814
-6888
-9212
-10578
-10784
-9860
-7888
-5066
-1732
1806
5150
7948
9934
10832
10578
9224
6850
3818
350
-3166
-6342
-8856
-10392
-10844
-10136
-8356
-5712
-2438
1106
4502
7450
9562
10694
10690
9548
7412
4476
1076
-2456
-5752
-8396
-10162
-10852
-10364
-8820
-6286
-3122
374
3848
6890
9230
10598
10840
9932
7928
5120
1766
-1756
-5094
-7920
-9908
-10814
-10588
-9192
-6854
-3806
-344
3136
6340
8850
10404
10858
10132
8356
5712
2434
-1070
-4502
-7452
-9598
-10750
-10718
-9538
-7362
-4422
-1030
2496
5758
8408
10192
10866
10402
8802
6270
3112
-416
-3862
-6926
-9248
-10576
-10806
-9882
-7892
-5096
-1748
1782
5094
7910
9868
10808
10568
9218
6884
3794
328
-3182
-6358
-8832
-10402
-10840
-10150
-8396
-5696
-2418
1120
4544
7440
9592
10702
10680
9536
7368
4446
1052
-2462
-5734
-8418
-10178
-10842
-10382
-8788
-6304
-3138
368
3824
6940
9258
10592
10806
9862
7904
5090
1746
-1800
-5160
-7932
-9862
-10772
-10554
-9212
-6878
-3832
-362
3180
6334
8852
10420
10850
10146
8354
5702
2464
-1064
-4462
-7414
-9588
-10712
-10720
-9546
-7406
-4460
-1030
2478
5760
8420
10172
10856
10372
8796
6288
3110
-390
-3862
-6914
-9218
-10572
-10774
-9880
-7930
-5134
-1770
1804
5166
7962
9908
10808
10570
9220
6864
3806
320
-3202
-6358
-8864
-10400
-10864
-10156
-8362
-5706
-2434
1100
4498
7436
9546
10690
10684
9546
7410
4454
1054
-2466
-5726
-8372
-10150
-10836
-10378
-8832
-6322
-3148
356
3858
6918
9252
10578
10786
9878
7900
5098
1740
-1814
-5134
-7970
-9932
-10816
-10558
-9168
-6818
-3766
-328
3156
6334
8838
10378
10844
10142
8380
5734
2476
-1074
-4528
-7496
-9630
-10748
-10714
-9574
-7408
-4438
-1010
2536
5788
8414
10164
10840
10400
8832
6306
3126
-392
-3848
-6894
-9224
-10562
-10810
-9882
-7904
-5096
-1726
1786
5120
7930
9884
10818
10576
9212
6868
3780
326
-3168
-6350
-8818
-10398
-10848
-10150
-8388
-5714
-2434
1088
4490
7396
9564
10694
10720
9592
7420
4502
1058
-2492
-5740
-8420
-10162
-10838
-10386
-8826
-6342
-3168
368
3864
6954
9280
10616
10802
9862
7910
5104
1776
-1764
-5140
-7930
-9908
-10820
-10568
-9208
-6874
-3800
-318
3198
6378
8860
10432
10840
10138
8356
5690
2414
-1116
-4508
-7450
-9602
-10734
-10738
-9572
-7400
-4454
-1022
2486
5754
8438
10192
10886
10396
8834
6324
3120
-404
-3878
-6938
-9226
-10580
-10778
-9854
-7888
-5074
-1716
1824
5166
7952
9906
10798
10562
9200
6864
3812
318
-3176
-6318
-8826
-10364
-10824
-10146
-8368
-5718
-2442
1088
4502
7460
9604
10750
10718
9538
7358
4400
1004
-2496
-5748
-8406
-10172
-10854
-10374
-8804
-6286
-3106
406
3852
6884
9222
10584
10816
9908
7926
5110
1742
-1814
-5148
-7966
-9916
-10826
-10586
-9212
-6848
-3772
-314
3174
6320
8830
10388
10870
10166
8392
5716
2404
-1114
-4524
-7424
-9554
-10706
-10708
-9590
-7398
-4430
-992
2528
5762
8402
10176
10862
10398
8832
6306
3106
-424
-3866
-6906
-9220
-10556
-10780
-9860
-7854
-5062
-1686
1832
5150
7948
9894
10792
10532
9172
6856
3784
326
-3190
-6366
-8836
-10404
-10854
-10160
-8398
-5708
-2446
1078
4508
7434
9586
10710
10708
9584
7404
4466
1036
-2512
-5768
-8430
-10186
-10870
-10402
-8818
-6318
-3152
356
3808
6922
9252
10606
10834
9902
7924
5102
1754
-1772
-5126
-7942
-9930
-10858
-10588
-9212
-6826
-3764
-304
3190
6338
8820
10380
10820
10128
8356
5706
2440
-1094
-4488
-7410
-9554
-10680
-10714
-9586
-7428
-4468
-1024
2490
5752
8394
10160
10882
10406
8832
6320
3118
-396
-3858
-6920
-9228
-10596
-10808
-9896
-7930
-5100
-1770
1780
5130
7932
9902
10802
10564
9210
6830
3778
306
-3182
-6322
-8834
-10390
-10858
-10162
-8386
-5734
-2466
1074
4482
7430
9600
10714
10700
9554
7412
4458
1040
-2484
-5778
-8434
-10208
-10886
-10400
-8818
-6312
-3138
374
3868
6926
9280
10624
10834
9894
7886
5090
1746
-1778
-5130
-7942
-9912
-10806
-10556
-9160
-6824
-3770
-300
3174
6342
8838
10400
10880
10164
8388
5698
2398
-1126
-4548
-7462
-9590
-10736
-10726
-9586
-7406
-4436
-1028
2478
5724
8368
10150
10834
10362
8754
6222
3096
-398
-3844
-6904
-9232
-10560
-10792
-9866
-7898
-5102
-1726
1802
5162
7964
9896
10792
10556
9188
6858
3776
302
-3168
-6350
-8818
-10388
-10874
-10182
-8424
-5732
-2466
1074
4466
7414
9562
10698
10680
9560
7400
4486
1062
-2488
-5760
-8414
-10156
-10844
-10370
-8796
-6290
-3120
396
3872
6938
9234
10564
10784
9858
7898
5082
1742
-1796
-5172
-7952
-9912
-10824
-10562
-9192
-6856
-3814
-362
3140
6304
8818
10410
10856
10178
8400
5712
2426
-1122
-4518
-7468
-9604
-10706
-10688
-9522
-7370
-4446
-1022
2492
5758
8420
10208
10900
10418
8820
6298
3096
-382
-3830
-6870
-9176
-10554
-10772
-9868
-7902
-5094
-1754
1794
5148
7942
9916
10830
10566
9164
6796
3742
284
-3188
-6348
-8852
-10400
-10842
-10144
-8372
-5736
-2464
1066
4488
7464
9584
10728
10722
9552
7400
4444
1038
-2482
-5772
-8392
-10164
-10848
-10366
-8816
-6294
-3130
406
3876
6924
9222
10554
10782
9908
7920
5124
1760
-1810
-5138
-7946
-9886
-10794
-10576
-9204
-6872
-3794
-334
3154
6328
8824
10380
10842
10122
8368
5710
2438
-1066
-4512
-7458
-9578
-10718
-10686
-9556
-7390
-4444
-1022
2520
5790
8420
10174
10858
10406
8824
6318
3156
-372
-3812
-6904
-9246
-10618
-10870
-9918
-7918
-5100
-1722
1786
5132
7942
9896
10810
10550
9194
6868
3802
358
-3158
-6350
-8854
-10430
-10850
-10146
-8384
-5718
-2470
1084
4528
7482
9628
10712
10668
9522
7348
4424
1016
-2502
-5762
-8416
-10156
-10854
-10392
-8828
-6348
-3156
362
3824
6884
9218
10580
10798
9866
7892
5080
1742
-1780
-5142
-7960
-9912
-10798
-10546
-9200
-6882
-3824
-352
3174
6346
8850
10410
10822
10112
8300
5664
2418
-1112
-4482
-7400
-9518
-10644
-10682
-9562
-7428
-4496
-1064
2470
5710
8370
10146
10872
10408
8820
6306
3122
-360
-3826
-6892
-9222
-10590
-10798
-9840
-7880
-5066
-1748
1774
5136
7940
9904
10800
10572
9232
6906
3850
352
-3176
-6350
-8860
-10406
-10890
-10198
-8422
-5758
-2472
1066
4488
7412
9560
10714
10710
9550
7414
4446
1020
-2494
-5774
-8422
-10208
-10880
-10388
-8818
-6294
-3122
382
3854
6888
9186
10540
10782
9902
7936
5134
1778
-1758
-5108
-7936
-9896
-10798
-10554
-9198
-6870
-3814
-334
3178
6366
8848
10382
10838
10142
8382
5714
2450
-1082
-4504
-7430
-9560
-10702
-10676
-9554
-7404
-4464
-1078
2478
5740
8394
10182
10836
10378
8814
6324
3172
-348
-3834
-6898
-9258
-10592
-10798
-9894
-7916
-5144
-1784
1770
5140
7950
9896
10810
10556
9206
6866
3804
344
-3156
-6354
-8844
-10438
-10908
-10200
-8426
-5750
-2478
1056
4476
7406
9570
10720
10718
9604
7408
4466
1034
-2530
-5780
-8444
-10192
-10876
-10416
-8832
-6314
-3120
394
3822
6874
9180
10552
10818
9884
7920
5076
1712
-1814
-5160
-7946
-9900
-10818
-10560
-9202
-6850
-3778
-330
3190
6350
8846
10390
10842
10160
8386
5732
2476
-1074
-4484
-7428
-9568
-10692
-10690
-9538
-7378
-4448
-1020
2490
5750
8400
10132
10820
10352
8784
6298
3116
-364
-3834
-6894
-9218
-10570
-10780
-9862
-7898
-5080
-1764
1784
5142
7944
9906
10788
10546
9188
6846
3812
340
-3184
-6340
-8828
-10394
-10860
-10182
-8392
-5722
-2406
1138
4528
7456
9592
10742
10734
9582
7416
4446
1040
-2488
-5768
-8408
-10170
-10844
-10366
-8784
-6270
-3108
416
3880
6918
9250
10578
10764
9842
7892
5100
1750
-1814
-5144
-7946
-9902
-10810
-10584
-9226
-6898
-3830
-352
3152
6330
8834
10392
10854
10156
8374
5696
2428
-1070
-4494
-7430
-9572
-10708
-10690
-9552
-7388
-4440
-1038
2484
5738
8388
10134
10814
10354
8800
6314
3146
-366
-3844
-6878
-9216
-10534
-10780
-9892
-7932
-5148
-1756
1794
5162
7970
9906
10810
10564
9218
6884
3794
302
-3216
-6366
-8860
-10408
-10842
-10148
-8364
-5668
-2402
1114
4536
7424
9564
10704
10712
9578
7394
4440
998
-2510
-5728
-8370
-10134
-10830
-10410
-8820
-6292
-3094
430
3876
6916
9222
10594
10824
9876
7900
5078
1692
-1842
-5188
-7942
-9886
-10800
-10538
-9220
-6876
-3816
-370
3164
6336
8854
10388
10828
10130
8366
5712
2440
-1124
-4534
-7454
-9600
-10704
-10704
-9552
-7388
-4450
-1022
2484
5764
8432
10166
10852
10360
8790
6314
3146
-356
-3834
-6904
-9236
-10594
-10786
-9852
-7882
-5076
-1750
1792
5140
7962
9932
10820
10560
9180
6822
3786
278
-3204
-6362
-8880
-10388
-10858
-10168
-8368
-5718
-2424
1104
4492
7444
9578
10712
10690
9518
7374
4434
1042
-2484
-5766
-8400
-10178
-10862
-10376
-8806
-6306
-3162
318
3800
6876
9230
10572
10812
9896
7914
5134
1784
-1784
-5134
-7944
-9886
-10788
-10574
-9216
-6888
-3794
-292
3208
6358
8832
10398
10874
10160
8394
5720
2416
-1102
-4526
-7456
-9592
-10706
-10658
-9542
-7388
-4470
-1062
2500
5770
8432
10188
10822
10364
8812
6320
3158
-368
-3848
-6898
-9222
-10578
-10814
-9884
-7914
-5134
-1764
1764
5144
7974
9924
10812
10542
9170
6868
3808
376
-3140
-6342
-8848
-10428
-10872
-10154
-8380
-5708
-2456
1068
4500
7430
9594
10700
10688
9560
7388
4458
1062
-2452
-5698
-8410
-10182
-10878
-10394
-8786
-6278
-3132
362
3814
6884
9212
10562
10820
9902
7952
5126
1774
-1740
-5108
-7904
-9882
-10822
-10566
-9206
-6858
-3788
-340
3166
6326
8814
10394
10838
10192
8410
5766
2490
-1054
-4476
-7424
-9592
-10710
-10720
-9588
-7394
-4452
-1038
2480
5744
8398
10150
10846
10400
8810
6312
3110
-378
-3846
-6902
-9214
-10562
-10766
-9838
-7886
-5084
-1756
1786
5134
7932
9920
10806
10566
9200
6866
3824
364
-3144
-6312
-8840
-10414
-10862
-10150
-8344
-5716
-2448
1070
4474
7452
9598
10718
10700
9558
7416
4470
1040
-2480
-5748
-8380
-10158
-10858
-10372
-8796
-6264
-3104
378
3826
6872
9214
10560
10780
9884
7886
5094
1770
-1768
-5116
-7916
-9888
-10798
-10576
-9206
-6850
-3794
-318
3174
6342
8804
10378
10856
10162
8390
5708
2412
-1110
-4524
-7442
-9574
-10710
-10706
-9570
-7396
-4424
-1022
2508
5748
8394
10150
10830
10378
8810
6302
3146
-358
-3824
-6896
-9222
-10556
-10770
-9852
-7878
-5086
-1736
1808
5138
7962
9932
10848
10576
9212
6874
3802
332
-3178
-6358
-8862
-10414
-10832
-10122
-8354
-5698
-2448
1094
4526
7458
9594
10688
10680
9566
7416
4478
1062
-2470
-5738
-8404
-10160
-10836
-10378
-8804
-6314
-3150
370
3846
6920
9232
10580
10828
9902
7920
5092
1722
-1784
-5128
-7930
-9902
-10820
-10570
-9204
-6838
-3754
-308
3186
6332
8830
10398
10830
10154
8376
5706
2448
-1096
-4496
-7448
-9590
-10706
-10704
-9552
-7410
-4496
-1072
2444
5730
8406
10172
10884
10412
8844
6364
3160
-338
-3822
-6882
-9214
-10566
-10774
-9856
-7908
-5098
-1782
1766
5130
7938
9900
10802
10572
9230
6890
3856
360
-3146
-6320
-8830
-10370
-10840
-10172
-8412
-5786
-2492
1056
4486
7424
9542
10688
10698
9548
7412
4480
1070
-2462
-5738
-8388
-10174
-10860
-10386
-8824
-6310
-3120
380
3876
6884
9190
10538
10768
9866
7884
5088
1752
-1784
-5100
-7908
-9876
-10774
-10558
-9170
-6830
-3760
-294
3172
6324
8806
10376
10856
10176
8424
5762
2500
-1050
-4500
-7456
-9622
-10738
-10716
-9586
-7412
-4432
-1012
2534
5778
8406
10168
10836
10388
8834
6332
3158
-352
-3830
-6884
-9218
-10556
-10800
-9886
-7894
-5094
-1740
1776
5100
7886
9852
10792
10564
9202
6870
3788
320
-3162
-6328
-8792
-10376
-10852
-10170
-8396
-5728
-2444
1094
4492
7408
9552
10682
10696
9576
7410
4458
1038
-2480
-5722
-8394
-10166
-10870
-10406
-8812
-6278
-3078
418
3862
6898
9196
10544
10804
9880
7948
5138
1774
-1772
-5140
-7908
-9864
-10788
-10544
-9200
-6844
-3778
-338
3158
6312
8816
10400
10836
10162
8384
5730
2476
-1068
-4478
-7410
-9558
-10684
-10718
-9586
-7428
-4478
-1026
2478
5768
8424
10196
10914
10422
8844
6320
3126
-368
-3814
-6862
-9190
-10562
-10824
-9928
-7962
-5126
-1772
1774
5128
7908
9902
10808
10578
9242
6902
3856
382
-3158
-6336
-8842
-10386
-10836
-10144
-8362
-5702
-2422
1080
4492
7410
9530
10692
10728
9578
7432
4484
1032
-2488
-5756
-8398
-10150
-10828
-10350
-8802
-6306
-3156
348
3812
6874
9238
10588
10804
9892
7930
5152
1818
-1726
-5090
-7918
-9892
-10788
-10558
-9190
-6874
-3812
-346
3154
6336
8844
10410
10852
10146
8382
5734
2450
-1054
-4490
-7430
-9574
-10710
-10696
-9566
-7394
-4442
-1042
2492
5752
8406
10184
10854
10402
8816
6306
3158
-358
-3798
-6870
-9224
-10564
-10786
-9882
-7894
-5102
-1768
1750
5098
7916
9864
10796
10574
9218
6868
3808
368
-3158
-6326
-8816
-10400
-10878
-10186
-8418
-5738
-2452
1088
4548
7462
9588
10714
10694
9562
7394
4466
1060
-2456
-5676
-8350
-10132
-10840
-10394
-8810
-6308
-3118
382
3828
6896
9228
10584
10808
9868
7890
5092
1748
-1760
-5120
-7914
-9914
-10860
-10624
-9282
-6910
-3828
-356
3172
6316
8812
10384
10838
10166
8380
5710
2460
-1096
-4510
-7450
-9578
-10704
-10708
-9554
-7410
-4498
-1070
2462
5736
8426
10178
10868
10370
8804
6324
3150
-332
-3820
-6894
-9228
-10596
-10832
-9928
-7978
-5156
-1804
1762
5118
7920
9904
10824
10614
9246
6892
3848
374
-3134
-6294
-8804
-10360
-10846
-10158
-8388
-5748
-2484
1040
4450
7404
9562
10708
10722
9586
7456
4500
1068
-2478
-5766
-8422
-10176
-10858
-10384
-8820
-6312
-3144
356
3844
6896
9234
10570
10782
9858
7886
5108
1762
-1782
-5134
-7974
-9954
-10842
-10574
-9198
-6860
-3804
-332
3150
6334
8810
10370
10848
10152
8406
5742
2458
-1082
-4508
-7436
-9572
-10718
-10692
-9570
-7422
-4462
-1060
2478
5752
8404
10168
10844
10392
8824
6318
3162
-362
-3852
-6942
-9260
-10580
-10812
-9872
-7912
-5118
-1786
1708
5052
7882
9876
10828
10588
9194
6848
3764
322
-3166
-6324
-8794
-10400
-10864
-10176
-8408
-5712
-2442
1102
4528
7430
9576
10706
10714
9592
7430
4484
1048
-2486
-5752
-8426
-10168
-10848
-10388
-8818
-6336
-3178
316
3766
6868
9210
10586
10824
9870
7908
5092
1784
-1752
-5110
-7924
-9894
-10816
-10574
-9222
-6880
-3802
-360
3140
6286
8766
10358
10850
10210
8428
5738
2456
-1064
-4464
-7400
-9570
-10724
-10754
-9594
-7428
-4500
-1074
2432
5694
8368
10132
10842
10360
8816
6316
3126
-362
-3816
-6872
-9202
-10554
-10782
-9894
-7942
-5122
-1762
1804
5158
7932
9892
10766
10532
9208
6866
3832
366
-3148
-6336
-8852
-10424
-10864
-10168
-8378
-5748
-2472
1042
4462
7436
9586
10724
10706
9546
7414
4482
1072
-2452
-5746
-8400
-10156
-10832
-10380
-8842
-6324
-3146
364
3854
6900
9220
10550
10778
9880
7910
5102
1750
-1804
-5138
-7928
-9862
-10790
-10586
-9230
-6914
-3830
-346
3148
6322
8812
10358
10822
10142
8384
5732
2450
-1054
-4492
-7416
-9562
-10716
-10722
-9580
-7424
-4462
-1038
2486
5730
8362
10144
10840
10410
8844
6318
3154
-384
-3836
-6886
-9216
-10558
-10798
-9882
-7908
-5112
-1722
1808
5152
7944
9894
10816
10574
9220
6884
3798
360
-3144
-6324
-8828
-10408
-10868
-10160
-8396
-5714
-2474
1048
4466
7398
9578
10704
10712
9574
7406
4484
1066
-2470
-5718
-8382
-10148
-10816
-10358
-8794
-6310
-3132
364
3802
6874
9194
10564
10798
9870
7888
5082
1752
-1750
-5100
-7914
-9914
-10840
-10584
-9208
-6854
-3786
-346
3130
6280
8796
10380
10826
10140
8368
5720
2474
-1070
-4494
-7444
-9582
-10698
-10704
-9574
-7440
-4492
-1048
2486
5762
8396
10146
10838
10358
8812
6332
3138
-346
-3818
-6878
-9180
-10532
-10740
-9840
-7908
-5134
-1800
1742
5104
7918
9884
10790
10562
9220
6890
3844
358
-3158
-6314
-8822
-10376
-10844
-10170
-8386
-5712
-2422
1118
4492
7422
9544
10686
10700
9580
7430
4482
1060
-2470
-5740
-8380
-10166
-10844
-10376
-8838
-6328
-3174
328
3826
6888
9228
10570
10774
9862
7912
5118
1778
-1778
-5134
-7966
-9924
-10814
-10576
-9210
-6878
-3802
-334
3144
6326
8818
10380
10846
10152
8396
5746
2486
-1038
-4476
-7430
-9574
-10726
-10712
-9598
-7470
-4516
-1098
2454
5724
8384
10164
10848
10408
8852
6322
3160
-384
-3830
-6862
-9186
-10530
-10806
-9914
-7930
-5108
-1720
1798
5110
7892
9856
10806
10590
9232
6888
3790
354
-3128
-6294
-8786
-10372
-10858
-10182
-8424
-5728
-2434
1098
4496
7408
9542
10668
10688
9582
7416
4488
1070
-2460
-5720
-8406
-10182
-10888
-10422
-8828
-6324
-3156
366
3816
6892
9204
10562
10802
9876
7936
5124
1782
-1750
-5132
-7934
-9884
-10820
-10572
-9252
-6904
-3832
-350
3174
6324
8802
10370
10834
10162
8394
5726
2448
-1076
-4472
-7414
-9544
-10646
-10664
-9538
-7416
-4508
-1064
2488
5754
8418
10158
10844
10388
8830
6328
3128
-376
-3842
-6890
-9204
-10564
-10794
-9892
-7940
-5100
-1770
1788
5138
7908
9896
10800
10562
9224
6880
3812
346
-3154
-6296
-8798
-10348
-10828
-10146
-8394
-5752
-2474
1062
4496
7448
9574
10712
10722
9564
7418
4454
1060
-2450
-5726
-8354
-10146
-10844
-10410
-8884
-6372
-3178
356
3860
6890
9216
10588
10816
9918
7926
5104
1748
-1790
-5100
-7932
-9918
-10820
-10596
-9232
-6902
-3830
-350
3164
6338
8820
10372
10840
10144
8418
5756
2464
-1070
-4524
-7434
-9572
-10722
-10716
-9568
-7418
-4474
-1052
2490
5768
8412
10166
10820
10374
8816
6312
3160
-356
-3810
-6878
-9240
-10596
-10810
-9888
-7906
-5106
-1738
1788
5138
7956
9908
10818
10584
9242
6924
3842
350
-3194
-6366
-8834
-10384
-10818
-10128
-8392
-5740
-2486
1062
4486
7426
9592
10718
10702
9560
7364
4434
1018
-2488
-5748
-8412
-10160
-10838
-10366
-8792
-6318
-3152
356
3820
6918
9256
10594
10812
9870
7914
5116
1780
-1754
-5120
-7906
-9876
-10788
-10550
-9220
-6892
-3840
-386
3150
6316
8838
10400
10844
10178
8412
5762
2490
-1078
-4490
-7422
-9580
-10694
-10722
-9590
-7442
-4510
-1078
2460
5748
8410
10176
10876
10392
8830
6342
3158
-326
-3798
-6878
-9220
-10596
-10822
-9898
-7920
-5116
-1768
1740
5078
7868
9848
10780
10570
9250
6882
3820
320
-3188
-6334
-8858
-10396
-10860
-10184
-8408
-5758
-2468
1068
4506
7448
9592
10732
10736
9586
7448
4482
1080
-2420
-5692
-8354
-10154
-10856
-10388
-8824
-6296
-3112
392
3886
6898
9218
10562
10776
9888
7918
5128
1770
-1778
-5120
-7960
-9906
-10798
-10584
-9212
-6890
-3864
-366
3118
6324
8830
10392
10860
10134
8368
5698
2448
-1056
-4464
-7400
-9560
-10726
-10724
-9558
-7400
-4434
-1052
2486
5742
8398
10174
10850
10390
8814
6310
3144
-382
-3830
-6888
-9202
-10558
-10828
-9910
-7938
-5152
-1774
1762
5120
7924
9888
10824
10584
9222
6880
3798
360
-3152
-6334
-8842
-10422
-10870
-10162
-8408
-5744
-2494
1034
4490
7442
9610
10728
10710
9586
7414
4492
1084
-2440
-5702
-8380
-10138
-10834
-10380
-8808
-6336
-3178
344
3824
6904
9218
10562
10796
9854
7902
5098
1766
-1772
-5144
-7948
-9904
-10816
-10562
-9194
-6832
-3752
-310
3150
6272
8766
10358
10824
10144
8366
5688
2448
-1068
-4458
-7432
-9618
-10752
-10752
-9586
-7410
-4466
-1048
2466
5734
8392
10156
10854
10378
8826
6308
3118
-374
-3860
-6892
-9220
-10584
-10794
-9868
-7890
-5054
-1756
1778
5088
7882
9884
10812
10608
9240
6864
3784
312
-3182
-6334
-8842
-10392
-10858
-10166
-8386
-5748
-2486
1032
4432
7390
9550
10718
10730
9562
7404
4434
1002
-2518
-5776
-8404
-10166
-10850
-10386
-8826
-6334
-3164
352
3840
6886
9222
10572
10784
9884
7908
5112
1790
-1762
-5098
-7938
-9908
-10830
-10590
-9212
-6864
-3812
-358
3120
6318
8824
10396
10868
10158
8396
5714
2442
-1080
-4496
-7394
-9542
-10686
-10692
-9578
-7424
-4476
-1062
2468
5734
8378
10146
10830
10382
8808
6310
3170
-356
-3826
-6920
-9252
-10576
-10816
-9874
-7920
-5144
-1780
1784
5152
7978
9916
10830
10602
9240
6914
3814
338
-3190
-6360
-8826
-10404
-10828
-10118
-8374
-5710
-2460
1086
4500
7422
9572
10684
10704
9570
7422
4494
1072
-2470
-5768
-8442
-10192
-10862
-10374
-8790
-6314
-3152
354
3816
6898
9224
10596
10832
9892
7926
5104
1750
-1766
-5110
-7910
-9884
-10828
-10582
-9254
-6888
-3820
-346
3176
6322
8816
10380
10838
10168
8396
5720
2468
-1082
-4492
-7422
-9572
-10694
-10708
-9574
-7424
-4456
-1014
2484
5744
8384
10118
10822
10374
8822
6332
3142
-364
-3834
-6892
-9194
-10570
-10814
-9918
-7946
-5114
-1750
1816
5158
7950
9910
10800
10588
9248
6892
3840
334
-3156
-6314
-8816
-10350
-10816
-10122
-8364
-5710
-2440
1090
4490
7438
9572
10714
10718
9544
7402
4440
1052
-2458
-5730
-8370
-10166
-10858
-10388
-8820
-6294
-3108
392
3858
6910
9238
10598
10826
9928
7938
5118
1764
-1780
-5112
-7932
-9890
-10774
-10552
-9180
-6886
-3828
-346
3142
6360
8876
10432
10884
10162
8402
5742
2476
-1064
-4514
-7464
-9618
-10750
-10700
-9552
-7410
-4482
-1106
2434
5696
8362
10174
10862
10402
8824
6304
3138
-364
-3806
-6850
-9188
-10538
-10780
-9866
-7910
-5126
-1768
1754
5126
7934
9888
10792
10560
9218
6908
3838
370
-3142
-6306
-8812
-10388
-10856
-10166
-8400
-5750
-2480
1058
4484
7408
9574
10728
10736
9598
7422
4478
1054
-2492
-5732
-8408
-10170
-10852
-10400
-8824
-6332
-3150
366
3826
6914
9220
10570
10794
9868
7910
5074
1718
-1810
-5180
-7960
-9912
-10820
-10548
-9200
-6866
-3820
-356
3180
6352
8864
10418
10848
10174
8396
5736
2472
-1076
-4470
-7414
-9562
-10690
-10704
-9544
-7400
-4464
-1044
2480
5764
8400
10148
10852
10388
8842
6334
3146
-346
-3844
-6918
-9240
-10602
-10812
-9888
-7918
-5096
-1776
1770
5108
7908
9884
10796
10546
9198
6864
3844
384
-3110
-6310
-8856
-10418
-10882
-10180
-8390
-5742
-2462
1062
4460
7420
9534
10682
10688
9582
7462
4506
1096
-2424
-5700
-8350
-10130
-10844
-10390
-8832
-6288
-3098
392
3860
6872
9194
10548
10780
9884
7938
5164
1814
-1758
-5114
-7926
-9892
-10776
-10548
-9182
-6856
-3796
-332
3138
6288
8792
10390
10868
10160
8376
5718
2434
-1062
-4484
-7434
-9602
-10752
-10738
-9612
-7414
-4466
-1054
2486
5736
8392
10160
10820
10366
8816
6316
3156
-366
-3840
-6900
-9224
-10546
-10772
-9854
-7890
-5128
-1800
1732
5114
7950
9896
10818
10560
9186
6874
3796
352
-3160
-6332
-8802
-10398
-10832
-10148
-8370
-5700
-2446
1094
4466
7384
9566
10726
10746
9614
7436
4482
1034
-2494
-5748
-8418
-10174
-10868
-10390
-8822
-6312
-3144
346
3822
6876
9214
10574
10810
9878
7922
5106
1732
-1770
-5142
-7940
-9904
-10794
-10542
-9196
-6856
-3798
-340
3176
6312
8796
10356
10796
10132
8362
5702
2452
-1080
-4482
-7426
-9580
-10732
-10732
-9572
-7406
-4464
-1050
2464
5748
8422
10184
10878
10404
8816
6316
3114
-366
-3848
-6912
-9230
-10574
-10788
-9852
-7900
-5092
-1764
1764
5106
7896
9870
10776
10546
9202
6884
3850
390
-3124
-6302
-8826
-10360
-10830
-10170
-8428
-5776
-2460
1090
4506
7482
9582
10710
10698
9540
7404
4450
1046
-2484
-5752
-8398
-10170
-10852
-10374
-8820
-6300
-3150
332
3798
6852
9208
10556
10792
9884
7906
5120
1776
-1782
-5110
-7908
-9872
-10790
-10578
-9192
-6884
-3836
-350
3108
6328
8848
10432
10874
10144
8384
5734
2498
-1010
-4432
-7388
-9552
-10698
-10702
-9594
-7436
-4482
-1076
2478
5744
8388
10152
10822
10382
8818
6332
3176
-364
-3840
-6904
-9250
-10588
-10820
-9894
-7912
-5118
-1746
1760
5130
7936
9892
10822
10574
9214
6880
3800
354
-3148
-6340
-8810
-10390
-10860
-10172
-8416
-5718
-2458
1084
4476
7380
9542
10696
10726
9598
7426
4476
1036
-2488
-5732
-8400
-10166
-10856
-10416
-8856
-6356
-3168
360
3838
6916
9230
10554
10768
9852
7898
5100
1738
-1786
-5152
-7946
-9912
-10814
-10546
-9186
-6854
-3802
-352
3154
6314
8830
10394
10848
10158
8382
5730
2470
-1060
-4476
-7434
-9588
-10694
-10718
-9556
-7412
-4486
-1052
2478
5748
8414
10164
10832
10356
8802
6320
3152
-342
-3804
-6882
-9210
-10588
-10818
-9906
-7934
-5094
-1756
1786
5136
7942
9932
10834
10600
9224
6852
3782
320
-3162
-6320
-8838
-10392
-10854
-10140
-8350
-5702
-2444
1066
4438
7402
9558
10722
10724
9554
7408
4464
1042
-2476
-5770
-8414
-10176
-10854
-10366
-8814
-6314
-3160
362
3858
6908
9234
10570
10786
9880
7894
5100
1762
-1780
-5108
-7924